0 1
0 2
0 3
0 4
0 6
0 11
0 20
0 24
0 40
0 70
1 2
1 3
1 4
1 6
1 7
1 8
1 12
1 13
1 19
1 34
1 44
1 52
1 54
1 60
1 65
1 73
1 78
1 82
1 86
2 3
2 5
2 6
2 7
2 9
2 11
2 14
2 17
2 20
2 27
2 43
2 57
2 64
2 71
2 87
3 4
3 5
3 7
3 9
3 10
3 15
3 23
3 29
3 56
3 60
3 71
3 85
4 5
4 8
4 9
4 10
4 13
4 15
4 21
4 55
5 8
5 10
5 17
5 21
5 23
5 24
5 25
5 28
5 29
5 56
6 14
6 16
6 19
6 26
6 27
6 35
6 42
6 45
6 55
6 74
6 77
7 16
7 18
7 28
7 47
7 67
7 94
8 12
8 14
8 32
8 33
8 38
8 47
9 21
9 25
9 26
9 27
9 40
9 82
10 11
10 12
10 13
10 17
10 18
10 22
10 31
10 35
10 39
10 47
10 49
10 61
10 74
11 33
11 36
11 39
11 53
11 76
11 94
12 15
12 22
12 37
12 45
12 67
12 86
12 90
13 16
13 19
13 32
13 37
13 58
13 59
13 87
13 97
14 18
14 81
14 85
14 93
15 90
15 98
16 28
16 50
16 52
16 53
16 54
16 56
16 91
16 96
18 31
18 32
18 43
18 50
18 51
18 65
18 69
19 20
19 24
19 34
19 48
19 49
19 59
19 67
19 73
19 93
20 22
20 30
20 46
20 57
20 66
20 79
20 92
21 57
21 61
21 63
21 78
22 23
22 30
22 37
22 38
22 41
22 44
22 58
22 88
23 26
23 42
23 46
23 89
24 25
24 29
24 31
24 34
24 42
24 50
24 53
24 72
24 90
24 95
25 76
25 83
25 93
26 85
27 30
27 36
27 38
27 46
27 69
27 98
28 89
29 33
29 40
29 48
29 63
29 81
30 36
30 72
30 79
30 92
31 51
31 60
31 73
31 99
33 68
34 35
34 49
34 64
35 59
36 39
36 64
37 66
37 72
37 76
38 58
39 41
39 70
39 71
39 74
40 41
40 44
40 45
40 62
41 43
41 63
41 87
42 66
43 48
43 62
43 97
44 86
44 96
44 98
45 55
45 68
48 51
48 52
48 69
48 75
48 77
48 92
49 97
50 77
50 79
51 91
52 80
52 83
52 88
53 54
53 65
53 78
55 61
55 62
55 70
55 84
57 80
59 82
59 83
59 99
60 68
61 84
61 89
68 75
68 81
69 75
69 95
72 84
77 80
80 96
80 99
82 88
88 91
88 95
92 94
